$ANSIBLE_VAULT;1.1;AES256
63386161316137616463323833666265616438646465333334643633643665386338386530633462
3638323832653865333865386562616661363766623336360a393632623965353231363038323663
34656238376632626436326437643666386161613266666238653732356133363637396232353334
6266363539333663310a663838316331323564343031366465383936613639626463306336363561
30326430656534363866313633336461636463343466656538633462393731376638646162353733
33306134373163363861383763623038633933323539623538396639383736653465393731346563
31303434343066313432626363346632386236623262333864373961613936643830376163643339
31336238646261326232383033616537303738313933376465636432386464306663353835623334
33636664376165623464356561313966383636303530666364633332653833363864366666613730
63323638316332613465366665623165373566303835613337333961383161656131313739353837
323339393735666130383562356330343932
